0 0.271500 0.673423 0.059000 0.130631
0 0.338000 0.452703 0.052000 0.109610
0 0.098500 0.877628 0.099000 0.163664
0 0.838000 0.717718 0.116000 0.159159
0 0.250500 0.530030 0.059000 0.129129
0 0.301500 0.416667 0.049000 0.091592
0 0.330000 0.320571 0.050000 0.097598
0 0.344500 0.364865 0.041000 0.078078
0 0.382500 0.319069 0.043000 0.091592
0 0.434000 0.285285 0.038000 0.081081
0 0.409000 0.231231 0.032000 0.057057
0 0.453000 0.188438 0.038000 0.067568
0 0.680500 0.338589 0.049000 0.082583
0 0.630500 0.307808 0.043000 0.072072
