0 0.090625 0.443750 0.056250 0.095833
0 0.185000 0.609375 0.067500 0.114583
0 0.150625 0.282292 0.043750 0.064583
0 0.267500 0.302083 0.052500 0.070833
0 0.340625 0.401042 0.038750 0.085417
0 0.401250 0.277083 0.045000 0.066667
0 0.231250 0.202083 0.030000 0.045833
0 0.258125 0.214583 0.048750 0.083333
0 0.288750 0.197917 0.037500 0.066667
0 0.330625 0.258333 0.036250 0.050000
0 0.435000 0.240625 0.050000 0.060417
0 0.695625 0.503125 0.076250 0.102083
0 0.802500 0.831250 0.097500 0.175000
0 0.871250 0.492708 0.055000 0.131250
0 0.822500 0.419792 0.055000 0.093750
0 0.748125 0.294792 0.041250 0.089583
0 0.650000 0.358333 0.057500 0.104167
0 0.628125 0.296875 0.051250 0.072917
0 0.603125 0.233333 0.041250 0.058333
0 0.716875 0.265625 0.053750 0.072917
0 0.686875 0.212500 0.051250 0.083333
0 0.640000 0.167708 0.032500 0.056250
0 0.588750 0.169792 0.035000 0.052083
0 0.611875 0.114583 0.043750 0.045833
0 0.551875 0.103125 0.031250 0.047917
