0 0.134127 0.235876 0.039683 0.110169
0 0.109524 0.432203 0.060317 0.107345
0 0.112698 0.679379 0.053968 0.104520
0 0.151587 0.813559 0.061905 0.118644
0 0.188095 0.556497 0.061905 0.112994
0 0.233333 0.683616 0.044444 0.101695
0 0.340476 0.799435 0.065079 0.096045
0 0.326190 0.675141 0.058730 0.112994
0 0.448413 0.711864 0.065079 0.112994
0 0.454762 0.827684 0.049206 0.129944
0 0.233333 0.372881 0.066667 0.124294
0 0.359524 0.364407 0.049206 0.101695
0 0.776190 0.509887 0.085714 0.127119
0 0.755556 0.884181 0.076190 0.175141
0 0.901587 0.427966 0.053968 0.144068
0 0.026984 0.286723 0.047619 0.138418
0 0.252381 0.244350 0.053968 0.081921
0 0.380159 0.275424 0.049206 0.098870
0 0.709524 0.300847 0.057143 0.104520
0 0.586508 0.225989 0.049206 0.107345
0 0.621429 0.261299 0.052381 0.115819
0 0.490476 0.285311 0.053968 0.079096
0 0.425397 0.286723 0.057143 0.121469
0 0.761111 0.314972 0.049206 0.149718
0 0.853968 0.282486 0.044444 0.096045
0 0.900794 0.309322 0.055556 0.121469
