0 0.847575 0.715468 0.219400 0.184892
2 0.124711 0.541007 0.115473 0.056115
2 0.695150 0.543525 0.092379 0.105755
2 0.329099 0.454317 0.083141 0.053957
2 0.379330 0.525180 0.077367 0.051799
2 0.482679 0.442086 0.064665 0.033813
2 0.540416 0.423741 0.043880 0.046043
2 0.638568 0.451799 0.055427 0.046043
2 0.725751 0.457554 0.077367 0.037410
2 0.655889 0.378058 0.043880 0.030935
2 0.372979 0.407194 0.064665 0.031655
2 0.371824 0.378417 0.080831 0.024460
2 0.379330 0.365108 0.068129 0.051079
2 0.806582 0.424820 0.070439 0.035252
2 0.491339 0.367986 0.038106 0.020863
2 0.553118 0.357194 0.039261 0.017986
