0 0.143636 0.592896 0.120000 0.256831
0 0.065455 0.412568 0.072727 0.092896
0 0.594545 0.674863 0.134545 0.224044
0 0.749091 0.398907 0.080000 0.185792
0 0.878182 0.524590 0.112727 0.196721
0 0.927273 0.401639 0.072727 0.125683
0 0.165455 0.196721 0.054545 0.087432
0 0.210909 0.281421 0.043636 0.081967
0 0.240000 0.494536 0.065455 0.114754
0 0.270909 0.398907 0.040000 0.076503
0 0.396364 0.393443 0.050909 0.087432
0 0.454545 0.472678 0.050909 0.081967
0 0.489091 0.374317 0.054545 0.103825
0 0.576364 0.415301 0.040000 0.076503
0 0.694545 0.453552 0.058182 0.098361
0 0.432727 0.215847 0.043636 0.071038
0 0.487273 0.128415 0.043636 0.081967
0 0.396364 0.109290 0.058182 0.065574
0 0.656364 0.188525 0.047273 0.071038
0 0.741818 0.114754 0.043636 0.065574
0 0.638182 0.095628 0.061818 0.081967
0 0.838182 0.363388 0.083636 0.169399
