0 0.121667 0.437500 0.056667 0.136905
0 0.113333 0.684524 0.060000 0.095238
0 0.163333 0.797619 0.053333 0.154762
0 0.238333 0.675595 0.050000 0.136905
0 0.191667 0.577381 0.043333 0.119048
0 0.321667 0.669643 0.063333 0.101190
0 0.330000 0.797619 0.073333 0.130952
0 0.440000 0.714286 0.060000 0.107143
0 0.455000 0.827381 0.063333 0.154762
0 0.231667 0.354167 0.056667 0.125000
0 0.358333 0.380952 0.050000 0.119048
0 0.483333 0.389881 0.046667 0.101190
0 0.770000 0.505952 0.066667 0.166667
0 0.751667 0.880952 0.083333 0.154762
0 0.948333 0.732143 0.090000 0.202381
0 0.133333 0.244048 0.053333 0.107143
0 0.756667 0.315476 0.066667 0.130952
0 0.903333 0.425595 0.066667 0.136905
0 0.423333 0.294643 0.080000 0.136905
0 0.621667 0.250000 0.050000 0.130952
0 0.666667 0.247024 0.053333 0.136905
