2 0.216800 0.465592 0.051200 0.064476
2 0.359800 0.429944 0.057200 0.094854
2 0.476200 0.432114 0.050800 0.075635
2 0.595800 0.409175 0.043600 0.094234
2 0.751200 0.405766 0.059200 0.063856
2 0.915400 0.422815 0.058000 0.106634
2 0.885200 0.324551 0.038400 0.068816
2 0.269600 0.188159 0.036800 0.052697
2 0.322800 0.205208 0.025600 0.045877
2 0.289200 0.368878 0.055200 0.066956
2 0.241000 0.321451 0.026000 0.042777
2 0.381600 0.341290 0.056800 0.058896
2 0.469200 0.345939 0.030400 0.044637
2 0.561200 0.320831 0.035200 0.037818
2 0.030600 0.215437 0.037200 0.045257
2 0.095800 0.195598 0.028400 0.044017
2 0.794000 0.127402 0.038400 0.056417
2 0.155600 0.376627 0.034400 0.042777
1 0.690600 0.184749 0.041200 0.115313
1 0.733600 0.139802 0.050400 0.096094
2 0.204400 0.312771 0.030400 0.048977
2 0.638200 0.145691 0.027600 0.063236
2 0.810800 0.291383 0.044800 0.073156
