0 0.337500 0.746627 0.031667 0.041979
0 0.181250 0.722639 0.037500 0.053973
0 0.361250 0.300600 0.034167 0.064468
0 0.066667 0.284108 0.023333 0.034483
0 0.381667 0.469265 0.031667 0.065967
0 0.211667 0.549475 0.028333 0.067466
1 0.040417 0.530735 0.030833 0.053973
1 0.077917 0.611694 0.025833 0.053973
1 0.077917 0.388306 0.017500 0.056972
1 0.109167 0.375562 0.025000 0.055472
1 0.208750 0.398051 0.035833 0.067466
1 0.256667 0.146177 0.025000 0.043478
1 0.204583 0.056972 0.027500 0.065967
1 0.280833 0.411544 0.035000 0.067466
1 0.256667 0.340330 0.023333 0.062969
