0 0.154583 0.421250 0.045833 0.080000
0 0.283333 0.403750 0.056667 0.070000
0 0.310000 0.391875 0.038333 0.071250
0 0.357500 0.381875 0.051667 0.066250
0 0.420833 0.401875 0.053333 0.058750
0 0.484583 0.381250 0.030833 0.060000
0 0.814583 0.379375 0.065833 0.093750
0 0.913333 0.348750 0.045000 0.082500
0 0.550833 0.419375 0.036667 0.046250
0 0.522917 0.391250 0.034167 0.052500
0 0.590000 0.407500 0.041667 0.062500
0 0.632917 0.421250 0.030833 0.055000
0 0.690417 0.418750 0.055833 0.070000
0 0.753750 0.398125 0.060833 0.063750
